0.000804  0.000019  0.999177
0.000019  0.000019  0.999962
0.000019  0.002033  0.997948
0.000021  0.000021  0.999959
0.008351  0.000019  0.991630
0.021677  0.000018  0.978305
0.004656  0.001758  0.993586
0.001650  0.004796  0.993555
0.987089  0.010672  0.002238
0.994395  0.005571  0.000034
0.982940  0.000020  0.017041
0.983503  0.013561  0.002936
0.964826  0.014465  0.020709
0.992961  0.002867  0.004172
0.001195  0.006235  0.992570
0.000019  0.001629  0.998352
0.000019  0.034230  0.965751
0.000019  0.999965  0.000016
0.000021  0.999958  0.000021
0.000019  0.002604  0.997377
0.000019  0.999964  0.000017
0.000019  0.012532  0.987449
0.000019  0.999965  0.000017
0.000019  0.999038  0.000943
0.000020  0.038026  0.961955
0.000019  0.999965  0.000016
0.000020  0.999961  0.000020
0.000019  0.999962  0.000019
0.000019  0.004670  0.995311
0.000020  0.001007  0.998974
0.000020  0.003981  0.995999
0.000030  0.999940  0.000030
0.000020  0.007670  0.992310
0.002740  0.000873  0.996386
0.021105  0.000378  0.978517
0.001792  0.000019  0.998189
0.003727  0.000024  0.996249
0.000019  0.000019  0.999963
0.000617  0.000019  0.999364
0.011664  0.000018  0.988317
0.000019  0.000019  0.999961
0.000018  0.000541  0.999441
0.033640  0.000019  0.966341
0.008570  0.002681  0.988748
0.001331  0.000019  0.998651
0.012905  0.000019  0.987076
0.021747  0.000015  0.978238
0.000019  0.000019  0.999962
0.998857  0.001117  0.000025
0.999962  0.000019  0.000019
0.936498  0.056966  0.006535
0.993388  0.003765  0.002847
0.951439  0.048543  0.000018
0.990858  0.005904  0.003238
0.999374  0.000541  0.000085
0.951032  0.014164  0.034803
0.924950  0.047163  0.027887
0.995647  0.000021  0.004332
0.990001  0.002864  0.007135
0.000019  0.999962  0.000019
0.002378  0.995223  0.002398
0.985979  0.009357  0.004664
0.999956  0.000022  0.000022
0.984088  0.010089  0.005823
0.974887  0.021681  0.003432
0.994548  0.001307  0.004144
0.959708  0.012165  0.028128
0.990347  0.009625  0.000028
0.978845  0.019351  0.001804
0.988295  0.011110  0.000595
0.988475  0.000855  0.010670
0.999931  0.000050  0.000019
0.999956  0.000022  0.000022
0.935784  0.008880  0.055336
0.112560  0.029445  0.857995
0.226609  0.007648  0.765742
0.000659  0.000018  0.999323
0.019190  0.002457  0.978353
0.104852  0.051819  0.843329
0.000019  0.999549  0.000432
0.000019  0.999963  0.000018
0.000020  0.999964  0.000016
0.149128  0.000019  0.850853
0.000020  0.999963  0.000017
0.999962  0.000019  0.000019
0.997279  0.002702  0.000019
0.997207  0.002774  0.000019
0.999959  0.000021  0.000021
0.998620  0.000019  0.001362
0.994301  0.003495  0.002204
0.999961  0.000019  0.000019
0.008512  0.012626  0.978862
0.000019  0.999061  0.000920
0.000027  0.992655  0.007318
0.118200  0.149368  0.732432
0.000026  0.980441  0.019533
0.000022  0.999956  0.000022
0.124998  0.015836  0.859166
0.000019  0.999961  0.000019
0.000019  0.999961  0.000019
0.000019  0.999962  0.000019
0.000027  0.999947  0.000027
0.000019  0.999963  0.000018
0.000019  0.999962  0.000019
0.011588  0.017347  0.971065
0.000020  0.999960  0.000020
0.002000  0.001181  0.996819
0.000019  0.999379  0.000602
0.000019  0.999962  0.000019
0.000019  0.008550  0.991432
0.000016  0.008204  0.991780
0.000019  0.000303  0.999678
0.000019  0.999963  0.000019
0.000023  0.000136  0.999841
0.962166  0.037814  0.000019
0.999962  0.000019  0.000019
0.999962  0.000019  0.000019
0.999963  0.000019  0.000019
0.999959  0.000020  0.000020
0.999781  0.000200  0.000019
0.998111  0.001865  0.000025
0.999419  0.000560  0.000021
0.999963  0.000019  0.000019
0.009635  0.014559  0.975806
0.007834  0.030154  0.962012
0.002878  0.008435  0.988687
0.000019  0.999966  0.000016
0.000020  0.999961  0.000020
0.000019  0.000019  0.999962
0.020149  0.002301  0.977550
0.000019  0.999718  0.000263
0.000019  0.999910  0.000071
0.000019  0.999963  0.000019
0.000019  0.004585  0.995396
0.028552  0.943108  0.028340
0.042971  0.002029  0.955001
0.002311  0.066044  0.931645
0.003577  0.083579  0.912844
0.000019  0.000019  0.999962
0.000019  0.999964  0.000018
0.012504  0.093277  0.894219
0.000476  0.000019  0.999506
0.000019  0.005435  0.994546
0.000059  0.003067  0.996874
0.033278  0.000938  0.965783
0.000019  0.000019  0.999963
0.011795  0.012413  0.975792
0.005153  0.000021  0.994825
0.000020  0.001892  0.998088
0.012933  0.004552  0.982515
0.002139  0.001408  0.996453
0.016403  0.000019  0.983578
0.945704  0.034517  0.019779
0.999958  0.000021  0.000021
0.992536  0.000017  0.007448
0.951278  0.009409  0.039313
0.977370  0.007903  0.014727
0.984679  0.004131  0.011190
0.999962  0.000019  0.000019
0.991572  0.005476  0.002953
0.951560  0.019134  0.029306
0.007470  0.061412  0.931118
0.000019  0.002860  0.997120
0.000018  0.006249  0.993732
0.039890  0.010381  0.949729
0.000019  0.999962  0.000019
0.000020  0.999961  0.000020
0.000022  0.999956  0.000022
0.000086  0.001470  0.998444
0.000019  0.997491  0.002490
0.000019  0.999962  0.000019
0.000019  0.967638  0.032343
0.000019  0.999962  0.000019
0.000016  0.001820  0.998164
0.005070  0.000019  0.994911
0.000416  0.000019  0.999566
0.012672  0.000019  0.987310
0.010718  0.000021  0.989261
0.000019  0.000019  0.999963
0.000016  0.000320  0.999664
0.001118  0.004530  0.994352
0.002150  0.000885  0.996965
0.012865  0.001480  0.985655
0.010014  0.000616  0.989371
0.002006  0.006629  0.991366
0.000019  0.000019  0.999963
0.005948  0.000015  0.994037
0.024646  0.000933  0.974421
0.005987  0.001009  0.993004
0.008752  0.000019  0.991228
0.989331  0.010649  0.000019
0.995044  0.000269  0.004688
0.999962  0.000019  0.000019
0.993927  0.005224  0.000850
0.999913  0.000019  0.000068
0.981712  0.009882  0.008407
0.975489  0.003098  0.021412
0.991620  0.002078  0.006302
0.995501  0.000019  0.004480
0.958487  0.029467  0.012046
0.998087  0.001739  0.000174
0.006836  0.011800  0.981364
0.993031  0.004599  0.002369
0.996722  0.003258  0.000020
0.999955  0.000022  0.000022
0.999624  0.000357  0.000019
0.999962  0.000019  0.000019
0.993260  0.005084  0.001656
0.999913  0.000044  0.000044
0.999962  0.000019  0.000019
0.999962  0.000019  0.000019
0.999962  0.000019  0.000019
0.028398  0.943242  0.028360
0.091392  0.908588  0.000020
0.993741  0.005663  0.000595
0.999945  0.000027  0.000027
0.005419  0.036991  0.957590
0.000020  0.998876  0.001104
0.035602  0.000024  0.964374
0.000019  0.999100  0.000881
0.000021  0.997506  0.002473
0.000020  0.999961  0.000020
0.108374  0.000319  0.891307
0.000024  0.999952  0.000024
0.993642  0.003515  0.002843
0.989765  0.000016  0.010219
0.975473  0.007278  0.017250
0.999962  0.000018  0.000019
0.972678  0.026363  0.000959
0.992341  0.006130  0.001529
0.999963  0.000018  0.000019
0.999964  0.000019  0.000017
0.990458  0.000524  0.009018
0.000019  0.999963  0.000019
0.000019  0.999893  0.000088
0.000022  0.999957  0.000021
0.000019  0.999962  0.000019
0.000023  0.999954  0.000023
0.000019  0.999962  0.000019
0.000021  0.998331  0.001649
0.000022  0.999195  0.000783
0.000019  0.999682  0.000299
0.000044  0.999912  0.000044
0.000021  0.998329  0.001650
0.000019  0.999935  0.000047
0.000021  0.000021  0.999958
0.000019  0.000017  0.999964
0.000019  0.999516  0.000465
0.000019  0.999962  0.000019
0.000019  0.996774  0.003208
0.000021  0.999809  0.000170
0.000020  0.982024  0.017956
0.000019  0.999962  0.000019
0.000019  0.999963  0.000019
0.000022  0.998942  0.001036
0.000019  0.997035  0.002946
0.000019  0.998202  0.001779
0.000022  0.005158  0.994820
0.000019  0.005743  0.994238
0.000023  0.013073  0.986904
0.015655  0.008224  0.976121
0.002715  0.006304  0.990981
0.000019  0.094797  0.905184
0.000019  0.986459  0.013522
0.000019  0.025181  0.974800
0.994122  0.005859  0.000019
0.998463  0.001516  0.000022
0.999773  0.000207  0.000019
0.999962  0.000019  0.000019
0.999959  0.000021  0.000021
0.999962  0.000019  0.000019
0.999962  0.000019  0.000019
0.003086  0.001140  0.995774
0.000019  0.000019  0.999963
0.051324  0.007969  0.940707
0.000021  0.999958  0.000021
0.025668  0.091118  0.883215
0.000019  0.999962  0.000019
0.001479  0.022436  0.976086
0.000019  0.999962  0.000019
0.000019  0.999547  0.000434
0.000019  0.999963  0.000019
0.000019  0.999963  0.000018
0.038816  0.922537  0.038647
0.000019  0.998500  0.001481
0.017747  0.000530  0.981723
0.000019  0.999965  0.000016
0.000019  0.999962  0.000019
